X =

  Columns 1 through 10

    0.2231    0.4348    0.0378    0.2775    0.8186    0.7746    0.9991    0.9236    0.4432    0.0376
    0.4183    0.4290    0.6808    0.4330    0.9530    0.8505    0.5242    0.8628    0.9953    0.3116
    0.0190    0.1152    0.0290    0.8665    0.1743    0.5813    0.9273    0.8112    0.6303    0.1799
    0.0179    0.1540    0.0586    0.9523    0.1296    0.4560    0.0851    0.1662    0.5088    0.2246
    0.3112    0.1778    0.2341    0.3986    0.3331    0.2025    0.5409    0.9799    0.6139    0.6250
    0.0726    0.0224    0.0356    0.3651    0.1036    0.0542    0.3708    0.0204    0.8833    0.0224
    0.1477    0.2797    0.0041    0.0867    0.0591    0.4046    0.7092    0.7565    0.9798    0.7011
    0.3605    0.1484    0.0068    0.3335    0.3877    0.1313    0.9948    0.8163    0.8368    0.3168
    0.7758    0.9785    0.0334    0.0117    0.2209    0.9372    0.5688    0.8880    0.7120    0.0189
    0.9099    0.0638    0.0142    0.8413    0.7470    0.4461    0.9141    0.4082    0.7913    0.7831
    0.7979    0.1538    0.7598    0.9831    0.9931    0.9494    0.7600    0.1006    0.9632    0.5838
    0.7079    0.0412    0.0301    0.7644    0.0086    0.1653    0.9267    0.3767    0.4301    0.6786
    0.0628    0.4247    0.0846    0.8660    0.1015    0.1650    0.9452    0.2958    0.9059    0.0054
    0.1444    0.0873    0.4949    0.8723    0.9001    0.4600    0.5584    0.8489    0.9669    0.1115
    0.3546    0.5456    0.4208    0.9487    0.5838    0.9555    0.4815    0.2097    0.9044    0.9349
    0.1846    0.9639    0.6271    0.4206    0.7210    0.7765    0.5363    0.8214    0.5657    0.3961
    0.9924    0.9259    0.3170    0.9681    0.7452    0.9111    0.8409    0.6934    0.7967    0.1676
    0.2028    0.3943    0.5759    0.9645    0.5043    0.9594    0.8303    0.7808    0.9578    0.9140
    0.6844    0.1393    0.8969    0.5425    0.8169    0.9005    0.6000    0.2676    0.6703    0.0495
    0.9682    0.2143    0.3474    0.7395    0.9194    0.3683    0.6701    0.1306    0.9924    0.9140
    0.7298    0.3829    0.7955    0.6630    0.9471    0.3595    0.8035    0.4164    0.9897    0.3365
    0.0186    0.3892    0.4113    0.9354    0.4099    0.5537    0.1040    0.3371    0.4816    0.2441
    0.3994    0.1718    0.5494    0.9474    0.9028    0.5621    0.7362    0.1967    0.9534    0.5961
    0.3338    0.9840    0.2662    0.6302    0.7427    0.1470    0.2966    0.4241    0.4401    0.1139
    0.1634    0.8900    0.9578    0.9115    0.9046    0.1308    0.9730    0.6209    0.8852    0.6179
    0.5100    0.5093    0.0730    0.5290    0.0731    0.4720    0.8478    0.8277    0.2494    0.1768
    0.2117    0.0340    0.9286    0.5268    0.5734    0.9958    0.9590    0.6768    0.9817    0.7809
    0.4669    0.9524    0.5762    0.6219    0.4510    0.7481    0.9808    0.8192    0.5927    0.9785
    0.9806    0.5684    0.1085    0.4034    0.4987    0.6336    0.9893    0.7475    0.9906    0.4354
    0.9147    0.2779    0.2117    0.5712    0.3164    0.3995    0.7193    0.8422    0.9509    0.9814
    0.0618    0.9576    0.9621    0.9511    0.9973    0.9735    0.8531    0.4499    0.9519    0.7693
    0.6661    0.7608    0.0489    0.0908    0.3612    0.8975    0.8310    0.6960    0.9526    0.1947
    0.6871    0.4038    0.0662    0.6112    0.6413    0.0256    0.7849    0.2060    0.4916    0.3909
    0.6070    0.0349    0.6306    0.9992    0.9607    0.6972    0.9954    0.2699    0.9502    0.3535
    0.8766    0.5488    0.2371    0.4552    0.3947    0.5393    0.7117    0.7337    0.8513    0.9608
    0.1696    0.5197    0.9363    0.8038    0.8676    0.1633    0.3284    0.8331    0.9902    0.2565
    0.4156    0.0539    0.1938    0.3463    0.0536    0.1341    0.8040    0.8866    0.7769    0.2276
    0.7577    0.4269    0.3780    0.5850    0.9934    0.9316    0.6891    0.3748    0.8845    0.0372
    0.6792    0.0481    0.1987    0.1951    0.5433    0.3383    0.6980    0.8939    0.7683    0.0027
    0.2897    0.7782    0.9891    0.1676    0.9754    0.4259    0.9687    0.4521    0.6338    0.2540
    0.4485    0.1902    0.1806    0.0603    0.5253    0.4110    0.8365    0.1542    0.6921    0.9981
    0.8187    0.6793    0.0255    0.0189    0.8928    0.8132    0.6164    0.9522    0.2173    0.9944
    0.0058    0.9979    0.7164    0.6890    0.6247    0.1746    0.5577    0.4571    0.6046    0.0432
    0.8370    0.2292    0.0273    0.4100    0.1044    0.3104    0.4108    0.4739    0.8960    0.9965
    0.7436    0.0187    0.4278    0.9992    0.9777    0.1528    0.5200    0.2443    0.9881    0.3253
    0.0765    0.0272    0.7951    0.0863    0.4126    0.0224    0.2102    0.3474    0.6179    0.2464
    0.8991    0.3330    0.3074    0.7456    0.6991    0.2482    0.8917    0.6790    0.9898    0.9246
    0.2529    0.0031    0.8491    0.9880    0.4274    0.9253    0.7782    0.9711    0.6806    0.2273
    0.9783    0.1549    0.3842    0.8071    0.3672    0.5337    0.8267    0.7811    0.6957    0.1993
    0.8773    0.1590    0.4723    0.5615    0.2745    0.0418    0.4830    0.5431    0.8101    0.5293
    0.3899    0.4905    0.2212    0.2758    0.0594    0.1918    0.6553    0.9309    0.4290    0.8952
    0.8069    0.0281    0.2364    0.0401    0.3242    0.9095    0.7907    0.7069    0.8701    0.1842
    0.7822    0.1488    0.3703    0.3254    0.0003    0.9722    0.9381    0.9378    0.5208    0.2348
    0.9837    0.4405    0.7718    0.4352    0.7899    0.2524    0.9931    0.2577    0.8256    0.5990
    0.6630    0.2026    0.4644    0.0922    0.0093    0.8310    0.4894    0.5987    0.7492    0.3200
    0.4342    0.8977    0.3020    0.1313    0.7455    0.5928    0.9798    0.9664    0.7187    0.2310
    0.9260    0.8772    0.7244    0.7998    0.1597    0.7681    0.6010    0.7903    0.9438    0.8302
    0.3391    0.4217    0.9165    0.4737    0.2466    0.8515    0.3698    0.9036    0.6925    0.8013
    0.0003    0.4414    0.5919    0.0596    0.4082    0.6914    0.0508    0.4182    0.9598    0.9875
    0.1977    0.5882    0.9563    0.0713    0.9016    0.3711    0.9678    0.6489    0.7555    0.9994
    0.7988    0.3255    0.6014    0.2112    0.5414    0.0751    0.9966    0.8116    0.9931    0.5094
    0.7587    0.0214    0.8304    0.2709    0.9425    0.5183    0.5868    0.2441    0.9420    0.0247
    0.8217    0.8981    0.4599    0.0742    0.7626    0.5164    0.4442    0.9369    0.6396    0.9974
    0.0002    0.3740    0.5787    0.6895    0.2776    0.7230    0.8393    0.5881    0.5694    0.9932

  Columns 11 through 18

    0.6599    0.1874    0.8813    0.9895    0.9842    0.1208    0.8654    0.0472
    0.6716    0.6325    0.9903    0.9911    0.9886    0.1038    0.0828    0.0448
    0.1884    0.8418    0.9760    0.6433    0.9884    0.1012    0.2692    0.9555
    0.4092    0.1648    0.9997    0.8086    0.9930    0.4312    0.0083    0.1033
    0.9397    0.2282    0.9972    0.6081    0.9962    0.1044    0.1018    0.2286
    0.4950    0.6989    0.9519    0.7446    0.9852    0.3518    0.6966    0.0435
    0.9533    0.0792    0.9995    0.9034    0.9458    0.7728    0.7379    0.8517
    0.8841    0.5302    0.9862    0.8627    0.9994    0.2851    0.5807    0.0396
    0.0539    0.8178    0.9152    0.5742    0.9998    0.0361    0.1540    0.0295
    0.0189    0.7823    0.9283    0.9998    1.0000    0.8699    0.7974    0.4785
    0.2959    0.7743    0.9996    0.6660    0.9977    0.9112    0.9142    0.1022
    0.0071    0.7940    0.9926    0.5489    1.0000    0.8880    0.6626    0.1092
    0.6823    0.8635    0.9665    0.9347    0.9783    0.1130    0.3255    0.1624
    0.0521    0.1346    0.9882    0.9790    0.9437    0.9919    0.4083    0.0231
    0.2107    0.6194    0.9552    0.9014    0.9877    0.9961    0.9867    0.2586
    0.9329    0.5315    0.9697    0.8787    1.0000    0.0398    0.3718    0.6623
    0.8635    0.1441    0.9222    1.0000    1.0000    0.8973    0.9728    0.1259
    0.7661    0.3659    0.9316    0.5347    0.9963    0.2212    0.8825    0.7677
    0.3554    0.8115    0.9990    0.8854    0.9991    0.2856    0.3255    0.9796
    0.1106    0.7982    0.9997    0.8274    0.9975    0.6494    0.9835    0.0888
    0.4881    0.3146    0.9878    0.9590    0.9878    0.6126    0.3994    0.0682
    0.5945    0.8113    0.9996    0.6966    0.9927    0.9589    0.1374    0.2368
    0.3191    0.6426    0.9994    0.5965    0.9975    0.8876    0.8446    0.1784
    0.2953    0.6032    0.9994    0.7973    0.9996    0.3457    0.9839    0.1278
    0.9122    0.3077    0.8949    0.9852    0.9999    0.0931    0.9457    0.6119
    0.7154    0.5788    0.9356    0.6241    0.9854    0.2152    0.6435    0.7474
    0.9831    0.8673    0.9742    0.9716    0.9676    0.5917    0.0123    0.8428
    0.9698    0.3936    0.9438    0.8778    0.9827    0.9051    0.6960    0.7085
    0.2263    0.6910    0.9995    0.8294    0.9954    0.7746    0.9815    0.3037
    0.7452    0.1853    0.9821    0.9998    0.9970    0.9173    0.9538    0.2007
    0.9401    0.8427    0.9892    0.8187    0.9983    0.4363    0.9995    0.7569
    0.9036    0.0846    0.9665    0.8518    1.0000    0.1886    0.2500    0.9319
    0.9335    0.7473    0.9968    0.7617    0.9913    0.0198    0.8229    0.5182
    0.2627    0.0809    0.9653    0.8204    0.9995    0.8299    0.9718    0.3874
    0.6844    0.4742    0.9817    0.9997    0.9897    0.8482    0.9486    0.1907
    0.5939    0.7348    1.0000    0.9318    0.9946    0.9076    0.2874    0.4368
    0.5101    0.3778    0.9487    0.9994    1.0000    0.4674    0.7236    0.7785
    0.9025    0.2952    0.9831    0.5839    0.9952    0.9945    0.5867    0.8601
    0.5806    0.9198    0.9591    0.9996    0.9823    0.8193    0.9385    0.9352
    0.1865    0.7863    0.9851    0.7331    0.9997    0.2084    0.2044    0.2124
    0.1125    0.5753    0.9807    0.9787    0.9989    0.2169    0.9246    0.4324
    0.6352    0.2984    0.9123    0.8914    0.9926    0.1174    0.7042    0.2339
    0.7141    0.8350    1.0000    0.9997    1.0000    0.1482    0.4440    0.9422
    0.8820    0.9169    0.9991    0.9924    0.9942    0.2575    0.5990    0.1473
    0.6956    0.2000    0.9929    0.9620    0.9998    0.8383    0.3014    0.3707
    0.8648    0.7838    0.9592    0.9618    0.9870    0.6142    0.9212    0.1647
    0.2330    0.8542    0.9986    0.8066    0.9926    0.6327    0.9782    0.3176
    0.5049    0.6984    0.9330    0.9656    0.9993    0.1073    0.8460    0.9992
    0.4878    0.9309    0.9836    0.6608    0.9942    0.3240    0.9610    0.1253
    0.9829    0.7635    0.9952    0.8460    0.9908    0.1184    0.6451    0.3961
    0.7800    0.8149    0.9829    0.9822    0.9928    0.4557    0.7491    0.6577
    0.2679    0.1363    1.0000    0.9998    0.9996    0.5793    0.5122    0.2955
    0.1210    0.9841    1.0000    0.9996    0.9998    0.7667    0.0558    0.7654
    0.1797    0.8483    0.9874    0.7975    0.9999    0.2079    0.2962    0.4452
    0.0198    0.9613    1.0000    0.9992    0.9995    0.5874    0.9640    0.5017
    0.4212    0.9532    0.9716    0.9197    0.9699    0.9705    0.3053    0.1542
    0.8713    0.0610    0.9926    0.9540    0.9925    0.4279    0.9554    0.0881
    0.5457    0.7318    0.9657    0.8106    0.9997    0.4051    0.4060    0.9942
    0.0086    0.1358    0.9974    0.6324    0.9977    0.0075    0.7880    0.6897
    0.9256    0.3166    0.9454    0.9746    0.9988    0.5717    0.6422    0.1791
    0.7974    0.8922    0.9896    0.7080    0.9975    0.5207    0.0480    0.2778
    0.9826    0.6540    0.9857    0.8884    0.9977    0.9952    0.9431    0.9736
    0.2829    0.7820    0.9588    0.8199    0.9981    0.0932    0.9748    0.4094
    0.0024    0.4227    0.9984    0.8592    0.9985    0.0060    0.6974    0.9246


2nd... 
X =

    0.2231    0.4348    0.0378    0.2775    0.8186    0.7746    0.9991    0.9236    0.4432    0.0376    0.6599    0.1874    0.8813    0.9895    0.9842    0.1208    0.8654    0.0472
    0.4183    0.4290    0.6808    0.4330    0.9530    0.8505    0.5242    0.8628    0.9953    0.3116    0.6716    0.6325    0.9903    0.9911    0.9886    0.1038    0.0828    0.0448
    0.0190    0.1152    0.0290    0.8665    0.1743    0.5813    0.9273    0.8112    0.6303    0.1799    0.1884    0.8418    0.9760    0.6433    0.9884    0.1012    0.2692    0.9555
    0.0179    0.1540    0.0586    0.9523    0.1296    0.4560    0.0851    0.1662    0.5088    0.2246    0.4092    0.1648    0.9997    0.8086    0.9930    0.4312    0.0083    0.1033
    0.3112    0.1778    0.2341    0.3986    0.3331    0.2025    0.5409    0.9799    0.6139    0.6250    0.9397    0.2282    0.9972    0.6081    0.9962    0.1044    0.1018    0.2286
    0.0726    0.0224    0.0356    0.3651    0.1036    0.0542    0.3708    0.0204    0.8833    0.0224    0.4950    0.6989    0.9519    0.7446    0.9852    0.3518    0.6966    0.0435
    0.1477    0.2797    0.0041    0.0867    0.0591    0.4046    0.7092    0.7565    0.9798    0.7011    0.9533    0.0792    0.9995    0.9034    0.9458    0.7728    0.7379    0.8517
    0.3605    0.1484    0.0068    0.3335    0.3877    0.1313    0.9948    0.8163    0.8368    0.3168    0.8841    0.5302    0.9862    0.8627    0.9994    0.2851    0.5807    0.0396
    0.7758    0.9785    0.0334    0.0117    0.2209    0.9372    0.5688    0.8880    0.7120    0.0189    0.0539    0.8178    0.9152    0.5742    0.9998    0.0361    0.1540    0.0295
    0.4332    0.4859    0.0006    0.0180    0.2635    0.0762    0.7963    0.9650    0.5594    0.2951    0.9507    0.7385    0.9994    0.4815    0.9962    0.5748    0.9979    0.6375
    0.0789    0.0747    0.2446    0.9000    0.0614    0.5813    0.4922    0.7638    0.9474    0.6275    0.4928    0.3687    0.9174    0.7915    0.9997    0.0077    0.3148    0.6251
    0.8204    0.4921    0.0035    0.5488    0.7162    0.0088    0.7960    0.4639    0.1483    0.2761    0.9764    0.7507    0.9994    0.7747    0.9922    0.0170    0.8121    0.5853
    0.1148    0.0826    0.4041    0.6926    0.3493    0.3198    0.4406    0.9396    0.9210    0.4989    0.9462    0.0423    0.9962    0.9999    0.9989    0.9660    0.2175    0.1343
    0.4860    0.1633    0.1030    0.4939    0.1057    0.1702    0.8993    0.0583    0.9665    0.7870    0.0763    0.2150    0.9867    0.8526    0.9995    0.1285    0.3017    0.1949
    0.5059    0.0436    0.0309    0.8865    0.5948    0.0966    0.9813    0.6757    0.4546    0.6982    0.9783    0.3351    0.9993    0.9995    0.9999    0.1927    0.9535    0.7360
    0.0628    0.4247    0.0846    0.8660    0.1015    0.1650    0.9452    0.2958    0.9059    0.0054    0.6823    0.8635    0.9665    0.9347    0.9783    0.1130    0.3255    0.1624
    0.3566    0.4620    0.8298    0.9981    0.3983    0.6826    0.3342    0.3804    0.6050    0.6574    0.6247    0.8373    0.9914    0.4962    0.9973    0.8567    0.8849    0.1129
    0.9099    0.0638    0.0142    0.8413    0.7470    0.4461    0.9141    0.4082    0.7913    0.7831    0.0189    0.7823    0.9283    0.9998    1.0000    0.8699    0.7974    0.4785
    0.7079    0.0412    0.0301    0.7644    0.0086    0.1653    0.9267    0.3767    0.4301    0.6786    0.0071    0.7940    0.9926    0.5489    1.0000    0.8880    0.6626    0.1092
    0.1444    0.0873    0.4949    0.8723    0.9001    0.4600    0.5584    0.8489    0.9669    0.1115    0.0521    0.1346    0.9882    0.9790    0.9437    0.9919    0.4083    0.0231
    0.3546    0.5456    0.4208    0.9487    0.5838    0.9555    0.4815    0.2097    0.9044    0.9349    0.2107    0.6194    0.9552    0.9014    0.9877    0.9961    0.9867    0.2586
    0.2028    0.3943    0.5759    0.9645    0.5043    0.9594    0.8303    0.7808    0.9578    0.9140    0.7661    0.3659    0.9316    0.5347    0.9963    0.2212    0.8825    0.7677
    0.1321    0.1081    0.9221    0.7561    0.3525    0.8008    0.8365    0.7936    0.9147    0.2325    0.1519    0.9327    0.9851    0.4315    0.9948    0.1639    0.9863    0.9075
    0.9899    0.0321    0.9518    0.7103    0.9567    0.2410    0.9230    0.2284    0.9035    0.0561    0.8854    0.4584    0.9880    0.9762    0.9880    0.4832    0.1186    0.0677
    0.7979    0.1538    0.7598    0.9831    0.9931    0.9494    0.7600    0.1006    0.9632    0.5838    0.2959    0.7743    0.9996    0.6660    0.9977    0.9112    0.9142    0.1022
    0.2546    0.0869    0.5601    0.9896    0.4505    0.9578    0.4566    0.8903    0.9121    0.2064    0.2485    0.8525    0.9787    0.9786    0.9934    0.7351    0.5425    0.2265
    0.1126    0.6658    0.6450    0.6333    0.2453    0.9353    0.3734    0.8398    0.8470    0.9365    0.9594    0.6876    0.9716    0.4529    0.9999    0.2297    0.1988    0.9948
    0.0186    0.3892    0.4113    0.9354    0.4099    0.5537    0.1040    0.3371    0.4816    0.2441    0.5945    0.8113    0.9996    0.6966    0.9927    0.9589    0.1374    0.2368
    0.3994    0.1718    0.5494    0.9474    0.9028    0.5621    0.7362    0.1967    0.9534    0.5961    0.3191    0.6426    0.9994    0.5965    0.9975    0.8876    0.8446    0.1784
    0.0760    0.1491    0.3607    0.7190    0.0803    0.4005    0.9437    0.3425    0.8182    0.0168    0.9585    0.3170    0.9906    0.8381    0.9990    0.9991    0.8820    0.8991
    0.1089    0.8120    0.7306    0.9969    0.3039    0.6338    0.7516    0.3944    0.6008    0.2575    0.0469    0.7394    0.9832    0.9535    0.9969    0.5857    0.4258    0.0494
    0.1846    0.9639    0.6271    0.4206    0.7210    0.7765    0.5363    0.8214    0.5657    0.3961    0.9329    0.5315    0.9697    0.8787    1.0000    0.0398    0.3718    0.6623
    0.9924    0.9259    0.3170    0.9681    0.7452    0.9111    0.8409    0.6934    0.7967    0.1676    0.8635    0.1441    0.9222    1.0000    1.0000    0.8973    0.9728    0.1259
    0.2400    0.5949    0.9787    0.9893    0.3737    0.5421    0.7990    0.5243    0.6417    0.5759    0.4688    0.3896    0.9092    0.9793    0.9997    0.1582    0.4574    0.9366
    0.7735    0.2348    0.2337    0.1733    0.6007    0.9673    0.9004    0.2228    0.4890    0.2647    0.5223    0.1072    0.9920    0.9695    0.9936    0.0850    0.1876    0.4886
    0.6844    0.1393    0.8969    0.5425    0.8169    0.9005    0.6000    0.2676    0.6703    0.0495    0.3554    0.8115    0.9990    0.8854    0.9991    0.2856    0.3255    0.9796
    0.9890    0.1002    0.9066    0.7195    0.8394    0.0280    0.7810    0.5258    0.6223    0.4129    0.9845    0.6465    0.9974    0.8350    0.9811    0.0986    0.7061    0.1110
    0.9682    0.2143    0.3474    0.7395    0.9194    0.3683    0.6701    0.1306    0.9924    0.9140    0.1106    0.7982    0.9997    0.8274    0.9975    0.6494    0.9835    0.0888
    0.5458    0.1816    0.9872    0.8577    0.7339    0.7647    0.9315    0.9419    0.5191    0.9984    0.9971    0.6084    0.9672    0.7689    0.9999    0.2217    0.3079    0.8059
    0.3289    0.7821    0.4757    0.8362    0.1716    0.2555    0.5428    0.9477    0.8608    0.7291    0.4364    0.2149    0.9886    0.4914    0.9998    0.5714    0.5747    0.0738
    0.5100    0.5093    0.0730    0.5290    0.0731    0.4720    0.8478    0.8277    0.2494    0.1768    0.7154    0.5788    0.9356    0.6241    0.9854    0.2152    0.6435    0.7474
    0.5940    0.0156    0.6683    0.9996    0.8099    0.9216    0.9959    0.8556    0.9861    0.2026    0.7655    0.0629    0.9661    0.9030    0.9998    0.0270    0.9935    0.9734
    0.7726    0.0555    0.3122    0.2381    0.4096    0.7402    0.9403    0.9692    0.7349    0.2658    0.6124    0.2434    0.9964    0.7941    0.9993    0.0984    0.7734    0.6966
    0.3338    0.9840    0.2662    0.6302    0.7427    0.1470    0.2966    0.4241    0.4401    0.1139    0.2953    0.6032    0.9994    0.7973    0.9996    0.3457    0.9839    0.1278
    0.0618    0.9576    0.9621    0.9511    0.9973    0.9735    0.8531    0.4499    0.9519    0.7693    0.9401    0.8427    0.9892    0.8187    0.9983    0.4363    0.9995    0.7569
    0.2117    0.0340    0.9286    0.5268    0.5734    0.9958    0.9590    0.6768    0.9817    0.7809    0.9831    0.8673    0.9742    0.9716    0.9676    0.5917    0.0123    0.8428
    0.0505    0.3417    0.8078    0.9967    0.7091    0.8508    0.3522    0.9035    0.9898    0.5502    0.6987    0.6932    0.9867    0.6946    0.9955    0.8024    0.8664    0.4089
    0.9147    0.2779    0.2117    0.5712    0.3164    0.3995    0.7193    0.8422    0.9509    0.9814    0.7452    0.1853    0.9821    0.9998    0.9970    0.9173    0.9538    0.2007
    0.6661    0.7608    0.0489    0.0908    0.3612    0.8975    0.8310    0.6960    0.9526    0.1947    0.9036    0.0846    0.9665    0.8518    1.0000    0.1886    0.2500    0.9319
    0.4156    0.0539    0.1938    0.3463    0.0536    0.1341    0.8040    0.8866    0.7769    0.2276    0.5101    0.3778    0.9487    0.9994    1.0000    0.4674    0.7236    0.7785
    0.1247    0.6824    0.0613    0.1887    0.0422    0.1675    0.6500    0.9659    0.9863    0.0976    0.2939    0.8447    0.9939    0.7303    0.9995    0.6256    0.2747    0.0916
    0.0420    0.9830    0.5256    0.4645    0.8455    0.9829    0.8581    0.4625    0.7387    0.9277    0.9403    0.3257    0.9970    0.9372    0.9989    0.3422    0.2919    0.5065
    0.4091    0.9754    0.8243    0.9733    0.3358    0.6537    0.4013    0.7269    0.9756    0.8223    0.9284    0.9505    0.9897    0.7697    0.9991    0.7018    0.9995    0.5639
    0.6070    0.0349    0.6306    0.9992    0.9607    0.6972    0.9954    0.2699    0.9502    0.3535    0.2627    0.0809    0.9653    0.8204    0.9995    0.8299    0.9718    0.3874
    0.7298    0.3829    0.7955    0.6630    0.9471    0.3595    0.8035    0.4164    0.9897    0.3365    0.4881    0.3146    0.9878    0.9590    0.9878    0.6126    0.3994    0.0682
    0.1634    0.8900    0.9578    0.9115    0.9046    0.1308    0.9730    0.6209    0.8852    0.6179    0.9122    0.3077    0.8949    0.9852    0.9999    0.0931    0.9457    0.6119
    0.7328    0.0137    0.0360    0.3957    0.9651    0.0234    0.6205    0.2438    0.7804    0.7091    0.4046    0.0977    0.9955    0.8186    0.9999    0.6542    0.2229    0.2986
    0.4669    0.9524    0.5762    0.6219    0.4510    0.7481    0.9808    0.8192    0.5927    0.9785    0.9698    0.3936    0.9438    0.8778    0.9827    0.9051    0.6960    0.7085
    0.9098    0.0897    0.3481    0.1076    0.1679    0.3441    0.9152    0.2752    0.7455    0.7697    0.2244    0.5566    0.9998    0.8485    0.9984    0.4517    0.1604    0.0244
    0.3486    0.9923    0.6602    0.3076    0.8310    0.7566    0.9944    0.5032    0.6791    0.1455    0.6286    0.6686    0.9840    0.9381    0.9860    0.4334    0.9048    0.0267
    0.7210    0.6540    0.7183    0.5296    0.7956    0.5776    0.5019    0.8336    0.9494    0.7578    0.2319    0.7700    0.9918    0.5833    0.9991    0.8597    0.5591    0.9274
    0.6871    0.4038    0.0662    0.6112    0.6413    0.0256    0.7849    0.2060    0.4916    0.3909    0.9335    0.7473    0.9968    0.7617    0.9913    0.0198    0.8229    0.5182
    0.8370    0.2292    0.0273    0.4100    0.1044    0.3104    0.4108    0.4739    0.8960    0.9965    0.8820    0.9169    0.9991    0.9924    0.9942    0.2575    0.5990    0.1473
    0.6718    0.9587    0.2207    0.7378    0.4986    0.8600    0.9947    0.8667    0.6983    0.4164    0.0126    0.7326    0.9492    0.9838    0.9835    0.9540    0.5931    0.5752

3rd = 
X =

    0.2231    0.4348    0.0378    0.2775    0.8186    0.7746    0.9991    0.9236    0.4432    0.0376    0.6599    0.1874    0.8813    0.9895    0.9842    0.1208    0.8654    0.0472
    0.4183    0.4290    0.6808    0.4330    0.9530    0.8505    0.5242    0.8628    0.9953    0.3116    0.6716    0.6325    0.9903    0.9911    0.9886    0.1038    0.0828    0.0448
    0.0190    0.1152    0.0290    0.8665    0.1743    0.5813    0.9273    0.8112    0.6303    0.1799    0.1884    0.8418    0.9760    0.6433    0.9884    0.1012    0.2692    0.9555
    0.0179    0.1540    0.0586    0.9523    0.1296    0.4560    0.0851    0.1662    0.5088    0.2246    0.4092    0.1648    0.9997    0.8086    0.9930    0.4312    0.0083    0.1033
    0.3112    0.1778    0.2341    0.3986    0.3331    0.2025    0.5409    0.9799    0.6139    0.6250    0.9397    0.2282    0.9972    0.6081    0.9962    0.1044    0.1018    0.2286
    0.0726    0.0224    0.0356    0.3651    0.1036    0.0542    0.3708    0.0204    0.8833    0.0224    0.4950    0.6989    0.9519    0.7446    0.9852    0.3518    0.6966    0.0435
    0.1477    0.2797    0.0041    0.0867    0.0591    0.4046    0.7092    0.7565    0.9798    0.7011    0.9533    0.0792    0.9995    0.9034    0.9458    0.7728    0.7379    0.8517
    0.3605    0.1484    0.0068    0.3335    0.3877    0.1313    0.9948    0.8163    0.8368    0.3168    0.8841    0.5302    0.9862    0.8627    0.9994    0.2851    0.5807    0.0396
    0.0184    0.1879    0.0085    0.5346    0.1189    0.4365    0.9296    0.9190    0.7982    0.1104    0.4487    0.2071    0.9813    0.7644    0.9900    0.0723    0.1659    0.9794
    0.1712    0.0108    0.1653    0.6324    0.9182    0.1020    0.7802    0.0181    0.9863    0.9501    0.0107    0.0936    0.9391    0.7440    0.9995    0.0515    0.1622    0.0332
    0.4493    0.1120    0.0004    0.3396    0.9349    0.8150    0.5724    0.3521    0.5613    0.2301    0.5000    0.7403    0.9995    0.4510    0.9962    0.0115    0.9071    0.1165
    0.7758    0.9785    0.0334    0.0117    0.2209    0.9372    0.5688    0.8880    0.7120    0.0189    0.0539    0.8178    0.9152    0.5742    0.9998    0.0361    0.1540    0.0295
    0.4332    0.4859    0.0006    0.0180    0.2635    0.0762    0.7963    0.9650    0.5594    0.2951    0.9507    0.7385    0.9994    0.4815    0.9962    0.5748    0.9979    0.6375
    0.1905    0.0230    0.8030    0.9997    0.9400    0.4026    0.9965    0.8964    0.9867    0.1773    0.0974    0.0480    0.9694    0.9516    1.0000    0.2078    0.5078    0.1949
    0.8204    0.4921    0.0035    0.5488    0.7162    0.0088    0.7960    0.4639    0.1483    0.2761    0.9764    0.7507    0.9994    0.7747    0.9922    0.0170    0.8121    0.5853
    0.1148    0.0826    0.4041    0.6926    0.3493    0.3198    0.4406    0.9396    0.9210    0.4989    0.9462    0.0423    0.9962    0.9999    0.9989    0.9660    0.2175    0.1343
    0.4860    0.1633    0.1030    0.4939    0.1057    0.1702    0.8993    0.0583    0.9665    0.7870    0.0763    0.2150    0.9867    0.8526    0.9995    0.1285    0.3017    0.1949
    0.0786    0.3510    0.0461    0.0619    0.4804    0.2078    0.1923    0.8415    0.2553    0.2186    0.7252    0.0714    0.9723    0.8243    1.0000    0.1541    0.2425    0.8354
    0.1544    0.0363    0.1533    0.9153    0.6380    0.4598    0.9411    0.6345    0.4959    0.9525    0.4422    0.9737    0.9809    0.8603    0.9999    0.9639    0.9587    0.5627
    0.0789    0.0747    0.2446    0.9000    0.0614    0.5813    0.4922    0.7638    0.9474    0.6275    0.4928    0.3687    0.9174    0.7915    0.9997    0.0077    0.3148    0.6251
    0.5059    0.0436    0.0309    0.8865    0.5948    0.0966    0.9813    0.6757    0.4546    0.6982    0.9783    0.3351    0.9993    0.9995    0.9999    0.1927    0.9535    0.7360
    0.6452    0.9382    0.0335    0.8764    0.6015    0.9370    0.4974    0.9558    0.2266    0.0961    0.0510    0.0498    0.9438    0.8341    1.0000    0.9171    0.9831    0.0315
    0.0082    0.9938    0.9378    0.9715    0.5029    0.4865    0.7026    0.8812    0.7398    0.9860    0.9781    0.3558    0.9960    0.4406    1.0000    0.0697    0.1220    0.9949
    0.0628    0.4247    0.0846    0.8660    0.1015    0.1650    0.9452    0.2958    0.9059    0.0054    0.6823    0.8635    0.9665    0.9347    0.9783    0.1130    0.3255    0.1624
    0.9099    0.0638    0.0142    0.8413    0.7470    0.4461    0.9141    0.4082    0.7913    0.7831    0.0189    0.7823    0.9283    0.9998    1.0000    0.8699    0.7974    0.4785
    0.1444    0.0873    0.4949    0.8723    0.9001    0.4600    0.5584    0.8489    0.9669    0.1115    0.0521    0.1346    0.9882    0.9790    0.9437    0.9919    0.4083    0.0231
    0.4654    0.9710    0.8022    0.4369    0.8246    0.6514    0.5644    0.3759    0.6060    0.5462    0.6024    0.9080    0.9833    0.8115    1.0000    0.0746    0.4876    0.5022
    0.3566    0.4620    0.8298    0.9981    0.3983    0.6826    0.3342    0.3804    0.6050    0.6574    0.6247    0.8373    0.9914    0.4962    0.9973    0.8567    0.8849    0.1129
    0.3546    0.5456    0.4208    0.9487    0.5838    0.9555    0.4815    0.2097    0.9044    0.9349    0.2107    0.6194    0.9552    0.9014    0.9877    0.9961    0.9867    0.2586
    0.2028    0.3943    0.5759    0.9645    0.5043    0.9594    0.8303    0.7808    0.9578    0.9140    0.7661    0.3659    0.9316    0.5347    0.9963    0.2212    0.8825    0.7677
    0.1321    0.1081    0.9221    0.7561    0.3525    0.8008    0.8365    0.7936    0.9147    0.2325    0.1519    0.9327    0.9851    0.4315    0.9948    0.1639    0.9863    0.9075
    0.7079    0.0412    0.0301    0.7644    0.0086    0.1653    0.9267    0.3767    0.4301    0.6786    0.0071    0.7940    0.9926    0.5489    1.0000    0.8880    0.6626    0.1092
    0.2546    0.0869    0.5601    0.9896    0.4505    0.9578    0.4566    0.8903    0.9121    0.2064    0.2485    0.8525    0.9787    0.9786    0.9934    0.7351    0.5425    0.2265
    0.1089    0.8120    0.7306    0.9969    0.3039    0.6338    0.7516    0.3944    0.6008    0.2575    0.0469    0.7394    0.9832    0.9535    0.9969    0.5857    0.4258    0.0494
    0.3434    0.0597    0.2708    0.1759    0.9143    0.3886    0.3819    0.3970    0.7702    0.0093    0.2540    0.7791    0.9991    0.9931    0.9859    0.9952    0.8697    0.0132
    0.1292    0.0698    0.5543    0.5535    0.9772    0.5200    0.9976    0.9741    0.9974    0.1555    0.0720    0.0281    0.9985    0.9254    0.9999    0.0118    0.9971    0.9466
    0.1609    0.4435    0.9902    0.9131    0.8613    0.2949    0.4593    0.7128    0.7040    0.6133    0.2922    0.2841    0.9105    0.9957    1.0000    0.1548    0.2627    0.5181
    0.9899    0.0321    0.9518    0.7103    0.9567    0.2410    0.9230    0.2284    0.9035    0.0561    0.8854    0.4584    0.9880    0.9762    0.9880    0.4832    0.1186    0.0677
    0.1126    0.6658    0.6450    0.6333    0.2453    0.9353    0.3734    0.8398    0.8470    0.9365    0.9594    0.6876    0.9716    0.4529    0.9999    0.2297    0.1988    0.9948
    0.0186    0.3892    0.4113    0.9354    0.4099    0.5537    0.1040    0.3371    0.4816    0.2441    0.5945    0.8113    0.9996    0.6966    0.9927    0.9589    0.1374    0.2368
    0.3994    0.1718    0.5494    0.9474    0.9028    0.5621    0.7362    0.1967    0.9534    0.5961    0.3191    0.6426    0.9994    0.5965    0.9975    0.8876    0.8446    0.1784
    0.9890    0.1002    0.9066    0.7195    0.8394    0.0280    0.7810    0.5258    0.6223    0.4129    0.9845    0.6465    0.9974    0.8350    0.9811    0.0986    0.7061    0.1110
    0.0160    0.7456    0.4717    0.7524    0.7897    0.9484    0.6711    0.4317    0.9194    0.9794    0.9795    0.7458    0.9985    0.9425    0.9999    0.1328    0.1446    0.2482
    0.4725    0.7020    0.4203    0.9818    0.3379    0.9619    0.7635    0.5546    0.5516    0.3214    0.6891    0.0594    0.9505    0.9070    0.9992    0.3450    0.4368    0.1369
    0.0760    0.1491    0.3607    0.7190    0.0803    0.4005    0.9437    0.3425    0.8182    0.0168    0.9585    0.3170    0.9906    0.8381    0.9990    0.9991    0.8820    0.8991
    0.7979    0.1538    0.7598    0.9831    0.9931    0.9494    0.7600    0.1006    0.9632    0.5838    0.2959    0.7743    0.9996    0.6660    0.9977    0.9112    0.9142    0.1022
    0.7735    0.2348    0.2337    0.1733    0.6007    0.9673    0.9004    0.2228    0.4890    0.2647    0.5223    0.1072    0.9920    0.9695    0.9936    0.0850    0.1876    0.4886
    0.2400    0.5949    0.9787    0.9893    0.3737    0.5421    0.7990    0.5243    0.6417    0.5759    0.4688    0.3896    0.9092    0.9793    0.9997    0.1582    0.4574    0.9366
    0.1286    0.0671    0.3608    0.0421    0.9935    0.3064    0.4930    0.9933    0.9997    0.1356    0.0079    0.0084    0.9991    0.9742    1.0000    0.2316    0.8728    0.8906
    0.5179    0.3700    0.5470    0.9893    0.8026    0.4043    0.3482    0.3595    0.5272    0.4757    0.0219    0.1131    1.0000    0.7131    0.9994    0.1045    0.9709    0.5563
    0.9924    0.9259    0.3170    0.9681    0.7452    0.9111    0.8409    0.6934    0.7967    0.1676    0.8635    0.1441    0.9222    1.0000    1.0000    0.8973    0.9728    0.1259
    0.6844    0.1393    0.8969    0.5425    0.8169    0.9005    0.6000    0.2676    0.6703    0.0495    0.3554    0.8115    0.9990    0.8854    0.9991    0.2856    0.3255    0.9796
    0.1846    0.9639    0.6271    0.4206    0.7210    0.7765    0.5363    0.8214    0.5657    0.3961    0.9329    0.5315    0.9697    0.8787    1.0000    0.0398    0.3718    0.6623
    0.9682    0.2143    0.3474    0.7395    0.9194    0.3683    0.6701    0.1306    0.9924    0.9140    0.1106    0.7982    0.9997    0.8274    0.9975    0.6494    0.9835    0.0888
    0.3289    0.7821    0.4757    0.8362    0.1716    0.2555    0.5428    0.9477    0.8608    0.7291    0.4364    0.2149    0.9886    0.4914    0.9998    0.5714    0.5747    0.0738
    0.2761    0.0609    0.3582    0.1202    0.3110    0.2107    0.7055    0.3232    0.6289    0.1111    0.0476    0.7820    0.9901    0.9891    0.9846    0.9930    0.8044    0.0806
    0.6416    0.0599    0.3088    0.5486    0.1954    0.6153    0.9690    0.5473    0.9852    0.7865    0.4861    0.7422    0.9999    0.9859    0.9994    0.6101    0.1284    0.0177
    0.3511    0.0586    0.3718    0.3751    0.3791    0.9732    0.8760    0.0906    0.9710    0.9228    0.8829    0.3023    0.9654    0.9325    0.9997    0.6177    0.9115    0.5313
    0.2193    0.4077    0.1640    0.4832    0.2022    0.9980    0.9154    0.7516    0.7785    0.5337    0.9443    0.0218    0.9977    0.4752    0.9996    0.5880    0.1311    0.8687
    0.3125    0.2204    0.3578    0.5358    0.9516    0.9860    0.5337    0.2971    0.9728    0.3914    0.8362    0.2581    0.9996    0.9715    0.9989    0.7604    0.2711    0.8553
    0.2514    0.0623    0.8037    0.9948    0.9968    0.5073    0.7043    0.4762    0.6036    0.3725    0.2838    0.3509    0.9997    0.7371    0.9987    0.9593    0.9239    0.4188
    0.6266    0.7691    0.3008    0.9073    0.0582    0.0076    0.8266    0.9583    0.5898    0.7000    0.3074    0.0057    0.9683    0.9954    0.9998    0.0064    0.3117    0.9979
    0.5940    0.0156    0.6683    0.9996    0.8099    0.9216    0.9959    0.8556    0.9861    0.2026    0.7655    0.0629    0.9661    0.9030    0.9998    0.0270    0.9935    0.9734
    0.0420    0.9830    0.5256    0.4645    0.8455    0.9829    0.8581    0.4625    0.7387    0.9277    0.9403    0.3257    0.9970    0.9372    0.9989    0.3422    0.2919    0.5065

4th

X =

    0.0179    0.1540    0.0586    0.9523    0.1296    0.4560    0.0851    0.1662    0.5088    0.2246    0.4092    0.1648    0.9997    0.8086    0.9930    0.4312    0.0083    0.1033
    0.3112    0.1778    0.2341    0.3986    0.3331    0.2025    0.5409    0.9799    0.6139    0.6250    0.9397    0.2282    0.9972    0.6081    0.9962    0.1044    0.1018    0.2286
    0.0726    0.0224    0.0356    0.3651    0.1036    0.0542    0.3708    0.0204    0.8833    0.0224    0.4950    0.6989    0.9519    0.7446    0.9852    0.3518    0.6966    0.0435
    0.1712    0.0108    0.1653    0.6324    0.9182    0.1020    0.7802    0.0181    0.9863    0.9501    0.0107    0.0936    0.9391    0.7440    0.9995    0.0515    0.1622    0.0332
    0.0471    0.0046    0.0002    0.9789    0.4592    0.5674    0.1264    0.1013    0.1913    0.0754    0.3124    0.7191    1.1204    1.2168    1.3578    1.0971    0.3333    0.1950
    0.0184    0.1879    0.0085    0.5346    0.1189    0.4365    0.9296    0.9190    0.7982    0.1104    0.4487    0.2071    0.9813    0.7644    0.9900    0.0723    0.1659    0.9794
    0.7758    0.9785    0.0334    0.0117    0.2209    0.9372    0.5688    0.8880    0.7120    0.0189    0.0539    0.8178    0.9152    0.5742    0.9998    0.0361    0.1540    0.0295
    0.0415    0.3675    0.0557    0.9300    0.0600    0.1067    0.1900    0.1742    0.5562    0.0001    0.4870    0.6577    0.9722    0.9734    0.9845    0.1054    0.7422    0.0296
    0.1144    0.0264    0.0363    0.5996    1.3583    0.6326    0.4181    1.2332    1.3968    0.1500    0.1241    0.3147    1.1683    0.4570    1.1840    0.8836    0.3958    0.0131
    0.3574    0.0135    0.0042    1.3238    0.3838    0.9623    0.8512    0.8726    1.2587    0.3207    0.8151    0.5791    1.1009    0.7887    1.3608    0.2196    1.2311    0.0232
    0.0217    0.0360    0.0132    1.3701    0.5332    0.0442    0.6058    0.0151    0.1094    1.0295    0.8249    0.6083    1.3325    0.9021    1.4007    0.4450    0.8005    1.0675
    0.0190    0.1152    0.0290    0.8665    0.1743    0.5813    0.9273    0.8112    0.6303    0.1799    0.1884    0.8418    0.9760    0.6433    0.9884    0.1012    0.2692    0.9555
    0.4493    0.1120    0.0004    0.3396    0.9349    0.8150    0.5724    0.3521    0.5613    0.2301    0.5000    0.7403    0.9995    0.4510    0.9962    0.0115    0.9071    0.1165
    0.1347    0.1185    0.0097    0.7580    0.0335    0.7181    0.7848    0.6022    0.9916    0.7447    0.7955    0.4454    0.9997    0.9573    0.9598    0.7928    0.0805    0.1311
    0.0384    0.0207    0.1745    0.1105    1.3920    0.5629    0.8105    0.7551    0.1178    0.9713    0.8804    0.4481    1.4707    0.6097    1.3575    0.6412    0.1444    0.9553
    0.0710    0.0419    0.0499    1.0913    0.0166    0.3033    0.9908    0.4033    0.8651    0.0024    0.8447    0.3694    1.4653    0.5157    1.3762    1.3236    0.4560    1.2992
    0.1465    0.0062    0.0797    1.3875    0.9644    0.3806    0.2452    0.3074    1.3720    0.9034    0.5995    1.4928    1.2716    0.5589    1.3547    1.2777    1.3629    0.1408
    0.0268    0.0468    0.1705    0.1021    0.2131    0.2542    0.8797    0.7884    0.4462    0.6719    0.9602    0.2371    0.9966    0.9999    0.9992    0.7991    0.1370    0.0504
    0.2231    0.4348    0.0378    0.2775    0.8186    0.7746    0.9991    0.9236    0.4432    0.0376    0.6599    0.1874    0.8813    0.9895    0.9842    0.1208    0.8654    0.0472
    0.4183    0.4290    0.6808    0.4330    0.9530    0.8505    0.5242    0.8628    0.9953    0.3116    0.6716    0.6325    0.9903    0.9911    0.9886    0.1038    0.0828    0.0448
    0.0329    0.2376    0.0008    0.2823    1.1993    0.6195    0.7422    0.0422    1.2303    0.0004    0.1667    0.9832    0.9847    1.3028    1.0995    0.0820    0.1934    0.4147
    0.0789    0.0747    0.2446    0.9000    0.0614    0.5813    0.4922    0.7638    0.9474    0.6275    0.4928    0.3687    0.9174    0.7915    0.9997    0.0077    0.3148    0.6251
    0.4860    0.1633    0.1030    0.4939    0.1057    0.1702    0.8993    0.0583    0.9665    0.7870    0.0763    0.2150    0.9867    0.8526    0.9995    0.1285    0.3017    0.1949
    1.4684    0.3601    0.0067    0.8307    1.2211    0.1045    0.6206    1.1283    0.9188    0.1356    0.2831    0.0507    1.0567    0.8447    0.9895    0.0972    0.0985    0.2496
    0.2871    0.0577    0.1169    0.4717    1.4754    0.7565    0.5572    0.6729    1.4413    0.0669    0.0371    1.2749    1.3096    0.6232    1.0793    1.4902    0.3008    0.0153
    0.1905    0.0230    0.8030    0.9997    0.9400    0.4026    0.9965    0.8964    0.9867    0.1773    0.0974    0.0480    0.9694    0.9516    1.0000    0.2078    0.5078    0.1949
    0.7079    0.0412    0.0301    0.7644    0.0086    0.1653    0.9267    0.3767    0.4301    0.6786    0.0071    0.7940    0.9926    0.5489    1.0000    0.8880    0.6626    0.1092
    0.9967    0.3597    0.8459    0.4453    0.9722    0.2777    0.9388    0.1594    0.9067    0.0079    0.6698    0.7106    0.8790    0.9795    0.9925    0.1956    0.6660    0.0416
    0.6395    0.8734    0.1050    0.8813    0.2880    0.8635    1.0294    1.1554    1.4526    0.3867    0.1434    0.7084    1.0414    1.3396    1.1463    0.0086    0.1796    0.0201
    0.0520    0.6971    1.0265    0.7424    0.5180    0.8231    0.3862    0.1374    1.3646    0.8603    0.0758    0.0183    1.3799    1.4044    1.3171    0.0239    0.1964    0.2302
    0.0786    0.3510    0.0461    0.0619    0.4804    0.2078    0.1923    0.8415    0.2553    0.2186    0.7252    0.0714    0.9723    0.8243    1.0000    0.1541    0.2425    0.8354
    1.3386    0.5675    1.0670    0.2932    0.1719    0.0237    1.3325    1.1684    1.1331    0.0285    0.1879    1.1339    1.0761    0.8196    0.9866    0.1822    0.6494    0.0222
    0.0786    0.7822    0.3769    0.7842    0.1509    1.2021    0.9547    0.8915    1.1884    1.0152    0.1657    0.4779    0.8482    1.2838    1.3740    0.0396    0.4727    0.1792
    0.1723    1.1934    0.0016    1.1985    0.0283    0.4999    0.5408    1.0037    0.7020    0.8274    0.5593    0.1215    0.9535    0.8055    1.0311    0.1179    0.1183    0.2438
    0.9890    0.1002    0.9066    0.7195    0.8394    0.0280    0.7810    0.5258    0.6223    0.4129    0.9845    0.6465    0.9974    0.8350    0.9811    0.0986    0.7061    0.1110
    0.3605    0.1484    0.0068    0.3335    0.3877    0.1313    0.9948    0.8163    0.8368    0.3168    0.8841    0.5302    0.9862    0.8627    0.9994    0.2851    0.5807    0.0396
    0.1434    0.0026    0.2443    0.2984    0.6433    0.9772    0.9961    0.8567    0.9922    0.0356    0.8594    0.6165    0.9878    0.9186    0.9999    0.0168    0.9966    0.5932
    0.6266    0.7691    0.3008    0.9073    0.0582    0.0076    0.8266    0.9583    0.5898    0.7000    0.3074    0.0057    0.9683    0.9954    0.9998    0.0064    0.3117    0.9979
    0.1155    0.3611    0.1101    0.5863    0.4260    0.4847    0.8404    0.7702    0.9236    0.6861    0.2177    0.6604    0.9426    0.9969    1.0000    0.0771    0.2865    0.4346
    0.1229    0.1155    0.1052    1.0015    0.0486    0.0410    1.1900    0.5871    1.1474    0.0033    0.6757    1.2005    1.2207    1.2421    1.1494    1.3190    0.6971    0.1309
    0.1110    0.0180    0.2373    0.0384    1.3831    0.0461    1.0814    1.1186    1.3112    0.6450    0.0064    0.0016    1.1726    0.7014    1.3050    0.2586    0.8332    1.4311
    0.1148    0.0826    0.4041    0.6926    0.3493    0.3198    0.4406    0.9396    0.9210    0.4989    0.9462    0.0423    0.9962    0.9999    0.9989    0.9660    0.2175    0.1343
    0.1932    0.0275    0.2723    0.0651    0.3069    0.3527    0.3010    1.1714    1.0139    0.3509    0.0600    0.1102    1.1759    0.7758    1.0123    0.8293    0.8793    0.2491
    1.2055    1.1354    0.0018    1.2011    1.1307    0.9586    0.7269    0.7200    1.4325    0.0747    0.1704    0.7150    1.1131    1.1951    1.1689    0.2801    1.4780    0.1039
    0.0628    0.4247    0.0846    0.8660    0.1015    0.1650    0.9452    0.2958    0.9059    0.0054    0.6823    0.8635    0.9665    0.9347    0.9783    0.1130    0.3255    0.1624
    0.1544    0.0363    0.1533    0.9153    0.6380    0.4598    0.9411    0.6345    0.4959    0.9525    0.4422    0.9737    0.9809    0.8603    0.9999    0.9639    0.9587    0.5627
    0.7670    0.8099    0.0075    1.4781    0.0173    0.0537    0.4842    0.7608    0.1214    0.2218    0.6701    0.6644    1.1954    1.3373    1.0745    0.0989    0.0531    0.4370
    0.4474    1.2329    0.2750    0.3849    0.4270    0.2257    1.0035    0.9736    1.3688    0.3430    0.4621    0.0003    1.4138    1.4406    1.4575    0.0092    0.0913    0.1116
    0.1286    0.0671    0.3608    0.0421    0.9935    0.3064    0.4930    0.9933    0.9997    0.1356    0.0079    0.0084    0.9991    0.9742    1.0000    0.2316    0.8728    0.8906
    0.0546    0.0343    0.3757    0.0684    1.2981    0.2537    0.4742    0.8370    0.6085    0.3868    1.4260    0.0832    1.4141    1.3229    1.4578    0.5249    0.1972    0.1230
    0.2080    0.0164    0.1522    0.4167    0.1954    0.0770    1.2629    0.4393    0.9952    0.6373    0.6728    0.0084    1.3614    1.0290    1.3895    0.5144    0.2282    0.4713
    0.1477    0.2797    0.0041    0.0867    0.0591    0.4046    0.7092    0.7565    0.9798    0.7011    0.9533    0.0792    0.9995    0.9034    0.9458    0.7728    0.7379    0.8517
    0.6506    0.1111    0.0002    0.2267    0.1782    0.9739    0.8912    0.0848    0.6999    0.5639    0.6037    0.2746    1.0000    0.6596    0.9979    0.0151    0.4747    0.6288
    0.4553    0.9663    1.0348    1.2339    0.7838    1.2824    1.2520    1.3019    0.8330    0.3685    0.7389    0.0530    1.2874    1.1716    1.1895    0.0960    1.0035    0.2632
    0.1266    0.2449    0.2211    0.0403    0.4449    0.3093    0.3462    0.5577    0.9998    0.0378    0.0231    0.1351    0.9993    0.5210    1.0000    0.4632    0.9570    0.9948
    0.0082    0.9938    0.9378    0.9715    0.5029    0.4865    0.7026    0.8812    0.7398    0.9860    0.9781    0.3558    0.9960    0.4406    1.0000    0.0697    0.1220    0.9949
    0.3434    0.0597    0.2708    0.1759    0.9143    0.3886    0.3819    0.3970    0.7702    0.0093    0.2540    0.7791    0.9991    0.9931    0.9859    0.9952    0.8697    0.0132
    1.3168    1.2270    0.0902    0.0900    1.2348    1.1358    1.1362    0.4953    0.7586    0.4780    1.0621    0.8578    0.8826    1.4419    1.3292    0.0676    0.8930    0.1065
    0.0062    0.9994    0.9419    0.9844    0.8615    0.3274    0.8431    0.9581    0.9169    0.2049    0.9936    0.2852    0.9965    0.4617    1.0000    0.0183    0.2070    0.9956
    0.0506    0.7842    0.0011    0.5374    1.1841    0.4669    1.0713    1.1427    1.0268    0.0019    1.3809    0.9228    0.9060    1.4646    1.0348    0.1095    0.2472    0.6518
    0.2761    0.0609    0.3582    0.1202    0.3110    0.2107    0.7055    0.3232    0.6289    0.1111    0.0476    0.7820    0.9901    0.9891    0.9846    0.9930    0.8044    0.0806
    0.1526    0.2475    0.6921    1.0610    0.1362    0.0347    1.3552    0.9989    1.4463    0.5349    0.7870    0.0020    1.4630    0.5264    1.1205    1.2629    0.1640    0.2295
    0.1108    0.3462    0.0867    0.1549    0.0535    1.3368    0.3707    0.2144    0.2417    0.3039    1.4234    1.3266    1.2985    0.9613    1.3884    0.2865    0.1945    0.4816
    0.3813    0.0136    0.2719    0.2194    0.2690    1.2417    0.9047    1.1942    1.3875    0.3741    0.7011    0.0002    1.1468    1.3207    1.2370    0.6962    0.7399    0.0995

>> 
