function ocv_func = OCVModel(x1)
%OCVModel
%    OCV_FUNC = OCVModel(X1)

%    This function was generated by the Symbolic Math Toolbox version 25.1.
%    08-Nov-2025 18:52:13

et1 = x1.*1.275649509258797e+1-x1.^2.*1.737614315759841e+2+x1.^3.*1.279698075928682e+3-x1.^4.*5.489052208684607e+3+x1.^5.*1.442501187057784e+4;
et2 = x1.^6.*(-2.369178376882937e+4)+x1.^7.*2.403600329299098e+4-x1.^8.*1.426362563869614e+4+x1.^9.*4.313332849793737e+3-x1.^10.*4.479060795374795e+2;
et3 = 2.817579398189715;
ocv_func = et1+et2+et3;
end
